lottery.number<-c(
810,156,140,542,507,972,431,981,865,499,20,123,356,
15,11,160,507,779,286,268,698,640,136,854,69,199,
413,192,602,987,112,245,174,913,828,539,434,357,178,
198,406,79,34,89,257,662,524,809,527,257,8,446,
440,781,615,231,580,987,391,267,808,258,479,516,964,
742,537,275,112,230,310,335,238,294,854,309,26,960,
200,604,841,659,735,105,254,117,751,781,937,20,348,
653,410,468,77,921,314,683,0,963,122,18,827,661,
918,110,767,761,305,485,8,808,648,508,684,879,67,
282,928,733,518,441,661,219,310,771,906,235,396,223,
695,499,42,230,623,300,380,646,553,182,158,744,894,
689,978,314,337,226,106,299,947,896,863,239,180,764,
849,87,975,92,701,402,1,884,750,236,395,999,744,
714,253,711,863,496,214,430,107,781,954,941,416,243,
480,111,47,691,616,253,477,11,114,133,293,812,197,
358,7,996,842,255,374,693,383,99,474,333,467,515,
357,694,919,424,274,913,919,245,964,472,935,434,170,
300,476,528,403,677,559,187,652,319,582,541,16,981,
158,945,72,167,77,185,209,893,346,515,555,858,434,
541,411,109,761,767,597,479)

lottery.payoff<-c(
190.0,120.5,285.5,184.0,384.5,324.5,114.0,506.5,290.0,
869.5,668.5,,83.0,188.0,449.0,289.5,212.0,466.0,548.5,
260.0,300.5,556.5,371.5,112.5,254.5,368.0,510.0,102.0,
206.5,261.5,361.0,167.5,187.0,146.5,205.0,348.5,283.5,
447.0,102.5,219.0,292.5,343.0,332.5,532.5,445.5,127.0,
557.5,203.5,373.5,142.0,230.5,482.5,512.5,330.0,273.0,
171.0,178.0,463.5,476.0,290.0,176.0,195.0,159.5,296.0,
177.5,406.0,182.0,164.5,137.0,191.0,298.0,110.0,353.0,
192.5,308.5,287.0,203.5,377.5,211.5,342.0,259.0,231.0,
348.0,159.0,130.5,176.0,128.5,159.0,290.0,335.0,514.0,
191.0,304.5,167.0,257.0,640.0,142.0,146.0,356.0,,96.0,
295.0,237.0,312.5,215.0,442.5,127.0,127.0,756.0,228.5,
132.0,256.0,374.5,262.5,286.5,264.0,380.5,357.5,478.5,
511.5,218.0,353.0,162.5,184.0,548.0,166.5,147.5,240.0,
386.0,130.5,287.5,230.0,480.5,247.5,380.0,238.5,237.5,
214.5,394.5,416.5,392.5,244.5,202.0,371.5,553.0,293.5,
295.0,178.0,334.5,226.0,194.0,388.5,353.0,404.0,348.0,
163.5,216.5,283.0,388.5,567.5,250.5,478.0,267.5,326.5,
369.0,512.5,341.0,188.5,386.0,239.0,480.5,105.0,227.0,
130.5,384.5,294.5,154.0,324.0,116.0,229.0,301.5,334.0,
143.5,212.0,448.0,126.5,417.5,276.5,303.0,211.0,373.0,
209.5,207.5,195.0,317.0,170.5,230.0,143.0,361.0,452.0,
260.5,308.5,206.0,256.5,291.0,421.5,295.5,119.5,268.5,
221.0,151.5,314.5,313.5,323.5,204.0,241.0,637.0,214.0,
348.0,191.5,384.0,220.0,285.5,335.0,251.5,131.5,328.0,
392.0,509.0,235.5,249.5,129.5,303.0,201.5,365.0,346.5,
210.5,334.0,376.5,215.5,312.0,239.5,221.0,388.0,154.5,
268.5,127.0,537.5,427.5,272.0,197.0,167.5,292.0,170.0,
486.5,262.0)

lottery2.payoff<-c(
336.5,267.0,413.5,283.0,380.0,246.0,285.5,321.5,247.5,180.0,139.5,434.0,
150.5,377.0,241.0,455.0,203.5,283.0,275.5,163.0,274.5,178.0,356.5,293.0,
227.0,476.5,324.0,218.0,322.5,204.0,242.5,187.0,516.0,182.5,293.5,395.5,
198.5,181.5,419.0,201.0,301.5,404.5,268.0,232.5,293.0,540.0,243.0,218.0,
258.5,201.0,337.5,192.5,291.5,181.5,214.5,208.0,242.5,302.5,347.5,230.0,
287.0,231.5,234.5,325.5,365.5,281.5,327.5,308.0,315.0,214.0,347.0,285.5,
190.5,320.0,464.0,338.0,327.5,274.5,247.0,210.0,352.5,251.0,246.5,474.0,
197.0,288.0,302.0,329.5,213.0,317.5,218.0,382.5,369.0,190.5,175.0,172.5,
407.0,269.0,126.5,263.0,710.0,308.5,266.0,363.0,284.0,175.5,204.0,335.5,
268.5,309.0,283.0,341.0,306.0,138.0,185.5,146.5,301.5,434.0,524.0,272.5,
206.0,290.5,268.0,235.0,154.0,253.0,469.5,179.0,279.5,198.0,155.5,295.5,
227.0,224.5,541.0,271.0,548.0,223.5,174.5,257.0,280.5,184.5,234.5,261.5,
175.0,359.0,180.0,219.5,337.0,368.5,302.5,247.5,342.5,316.0,425.5,457.0,
111.5,202.5,297.5,247.5,329.5,125.0,390.0,283.5,227.5,253.0,225.5,172.0,
558.5,217.5,250.0,528.5,512.0,367.5,207.5,394.0,364.0,254.5,195.5,253.5,
222.5,325.5,178.5,325.5,245.0,376.0,324.0,278.5,301.0,232.5,276.5,269.5,
301.0,199.5,290.0,260.0,186.5,367.5,293.5,228.5,244.5,720.5,127.0,285.0,
309.0,404.0,342.0,147.0,213.5,308.5,434.0,210.0,183.5,211.5,364.5,236.5,
357.5,291.5,195.0,329.5,276.0,225.5,308.5,261.5,220.0,258.0,208.0,359.0,
261.5,223.5,376.0,175.0,205.0,264.5,144.0,388.0,306.5,215.5,411.5,182.5,
278.5,151.0,455.0,165.0,200.5,192.5,248.5,236.5,281.0,281.5,322.0,419.5,
233.5,288.0)

lottery3.payoff<-c(
298.0,200.5,300.5,224.0,264.0,473.5,258.5,434.0,246.0,582.0,209.5,277.5,
395.0,359.0,186.0,305.0,211.5,232.0,309.5,339.0,299.0,410.5,305.0,169.5,
223.0,267.5,277.5,240.5,348.5,230.5,302.5,360.0,300.5,263.0,295.5,357.5,
335.5,189.0,414.5,285.5,355.5,278.0,291.0,285.0,192.0,261.0,278.0,286.0,
127.0,399.5,305.0,294.0,251.5,174.5,309.5,243.0,325.5,239.0,234.0,257.0,
284.5,229.0,293.0,278.5,209.0,209.5,277.5,256.5,208.5,331.0,171.5,282.0,
204.0,412.5,174.0,316.0,253.0,192.0,238.0,172.0,206.5,402.0,314.5,187.0,
348.5,339.5,285.0,133.0,191.0,322.5,238.5,185.0,303.0,131.5,309.0,276.5,
229.0,212.5,274.5,208.5,232.0,233.5,621.0,250.0,216.5,362.0,307.0,229.5,
311.0,257.0,273.5,246.0,245.0,208.5,131.0,467.0,196.0,239.0,179.5,537.0,
268.5,197.5,259.5,324.5,258.5,265.0,299.0,244.0,283.0,403.0,159.0,298.0,
341.0,178.0,337.5,309.0,222.5,287.5,249.0,358.5,228.5,250.0,302.5,291.0,
229.5,194.5,249.0,278.0,258.0,389.0,217.5,329.0,298.0,118.0,278.5,173.5,
255.5,248.5,348.0,315.0,281.5,247.5,356.5,276.5,305.5,245.0,308.5,155.0,
238.5,239.0,269.0,324.5,345.5,298.0,340.5,307.5,322.5,225.0,261.0,233.0,
137.5,243.0,251.0,321.5,234.5,325.0,283.5,310.0,325.0,285.5,313.0,342.5,
197.0,159.0,396.5,180.5,155.5,227.5,264.0,278.0,310.5,338.0,362.5,310.0,
186.0,284.5,219.5,259.5,213.0,281.0,291.0,275.5,228.0,350.5,366.5,461.0,
263.0,341.0,196.5,243.0,307.0,328.0,309.5,207.5,164.0,210.5,211.5,211.0,
276.0,222.0,199.0,254.5,245.5,209.0,298.5,302.5,342.0,291.0,210.5,250.0,
358.0,231.5,324.0,270.5,274.5,401.0,292.0,298.0,166.0,278.0,378.5,246.0)


Rainfall Data
Rainfall Control Rainfall Seeded
 1202.6 41.1 2745.6 200.7
  830.1 36.6 1697.8 198.6
  372.4 29.0 1656.0 129.6
  345.5  28.6  978.0 119.0
  321.2 26.3  703.4 118.3
  244.3 26.1  489.1 115.3
  163.0 24.4  430.0  92.4
  147.8 21.7  334.1  40.6
   95.0 17.3  302.8  32.7
   87.0 11.5  274.7  31.4
   81.2  4.9  274.7  17.5
   68.5  4.9  255.0   7.7
   47.3  1.0  242.5    4.1


Lincoln, Nebraska and Newark, New Jersey Monthly Temperature Data
Yr. City Jan Feb  Mar  Apr  May  Jun  Jul  Aug  Sep  Oct  Nov  Dec
64 Lnc 31.6 31.3 35.3 53.2 67.9 71.7 82.0 72.0 65.7 54.8 42.2 26.5
   Nwk 34.3 31.9 42.6 49.1 65.4 71.2 76.0 73.9 68.9 55.9 49.4 35.9
65 Lnc 24.4 22.6 26.7 52.5 66.7 70.8 75.8 74.8 60.1 57.8 42.9 36.2
   Nwk 28.3 32.4 39.0 50.0 67.3 71.6 75.7 74.5 68.4 54.0 44.4 38.8
66 Lnc 18.4 28.3 43.2 46.7 61.4 72.5 81.4 72.6 63.9 55.6 40.5 28.2
   Nwk 30.4 33.2 41.7 48.2 59.3 73.8 79.6 76.5 66.6 55.5 48.9 36.5
67 Lnc 25.2 29.3 43.6 54.1 59.0 70.1 74.9 72.8 63.5 53.7 39.4 29.9
   Nwk 36.9 29.4 37.6 50.9 54.3 72.0 74.2 73.5 66.6 56.4 42.2 38.3
68 Lnc 24.9 28.2 46.0 52.9 58.8 74.6 77.8 76.0 66.2 57.2 38.1 24.1
   Nwk 27.8 29.9 43.1 54.0 59.6 69.7 78.2 76.9 70.7 59.7 45.7 32.5
69 Lnc 19.6 27.1 31.6 54.1 64.3 68.5 79.1 76.8 68.7 50.4 42.7 27.0
   Nwk 31.3 31.3 38.8 54.6 64.1 72.8 74.2 77.3 67.5 56.2 45.5 33.1
70 Lnc 18.6 33.2 36.0 53.4 68.3 74.9 79.1 78.0 66.0 52.0 39.0 31.2
   Nwk 24.2 33.0 39.0 51.9 64.6 70.9 77.2 77.3 70.6 59.5 49.1 35.3
71 Lnc 19.9 26.3 37.5 54.3 60.4 78.0 74.6 76.2 68.1 58.8 41.8 31.2
   Nwk 27.3 35.2 41.2 51.4 60.6 74.8 77.8 76.0 71.8 63.2 46.2 41.4
72 Lnc 20.8 26.1 41.5 49.7 60.7 71.2 74.1 72.2 65.1 49.0 36.2 21.6
   Nwk 35.4 31.3 40.5 50.0 63.0 68.8 77.9 75.9 69.8 53.3 44.8 39.7
73 Lnc 23.4 28.4 42.6 49.6 59.0 73.4 75.0 77.2 63.2 56.1 39.0 21.8
   Nwk 35.5 33.3 48.6 54.2 60.4 74.6 78.7 79.6 71.0 60.3 48.8 39.4


Stamford, Connecticut and Yonkers, New York Ozone Data
  May   June  July  August September
 Stmf  Ykrs Stmf Ykrs Stmf Ykrs Stmf Ykrs Stmf Ykrs
66     47     61     36     152     76     80     66     113     66
 52     37     47     24     201     108     68     82     38     18
 -     27     -     52     134     85     24     47     38     25
 -     37     196     88     206     96     24     28     28     14
 -     38     131     111     92     48     82     44     52     27
 -     -     173     117     101     60     100     55     14     9
 49     45     37     31     119     54     55     34     38     16
 64     52     47     37     124     71     91     60     94     67
 68     51     215     93     133     -     87     70     89     74
 26     22     230     106     83     50     64     41     99     74
 86     27     -     49     -     27     -     67     150     75
 52     25     69     64     60     37     -     127     146     74
 43     -     98     83     124     47     170     96     113     42
 75     55     125     97     142     71     -     56     38     -
 87     72     94     79     124     46     86     54     66     38
 188     132     72     36     64     41     202    100     38     23
 118     -     72     51     75     49     71     44     80     50
 103     106     125     75     103     59     85     44     80     34
 82     42     143     104     -     53     122     75     99     58
 71     45     192     107     46     25     155     86     71     35
 103     80     -     56     68     45     80     70     42     24
 240     107     122     68     -     78     71     53     52     27
 31     21     32     19     87     40     28     36     33     17
 40    50     114     67     27    13     212     117     38     21
 47     31     32     20     -     25     80     43     24     14
 51     37     23     35     73     46     24     27     61     32
 31     19     71     30     59     62     80     77     108     51
 47     33     38     31     119     80     169     75     38     15
 14     22     136     81     64     39     174     87     28     21
 -     67     169     119     -     70     141     47     -     18
 71     45                  111     74     202    114


Hibernation and Age of Hamsters Data
Hib    Age    Hib    Age    Hib    Age    Hib    Age
%    days    %    days    %    days    %    days
0    116    9    711    15    1107    21    942
0    612    9    678    15    843    21    860
0    711    9    446    15    760    21    843
0    744    10    579    15    711    22    645
0    760    10    694    15    512    22    727
0    579    10    810    16    1388    22    1107
0    562    11    1107    16    826    23    1421
0    545    11    826    16    810    23    1306
0    496    11    760    16    777    23    1273
0    364    11    744    16    331    23    1256
0    314    11    727    17    760    23    1174
1    826    12    1207    17    893    23    1074
1    975    12    1124    17    909    23    1025
1    893    12    876    17    1289    23    760
1    826    12    843    18    1289    24    1587
1    727    12    826    18    1207    24    1504
1    678    12    793    18    1124    24    1289
1    579    12    545    18    1058    24    1041
1    430    12    364    18    1041    25    909
2    826    12    264    18    1008    25    1190
2    860    13    1289    18    909    25    1207
2    1074    13    1140    18    860    25    1256
3    760    13    678    18    562    25    1587
3    975    13    446    19    545    26    760
4    959    14    1289    19    1008    26    1091
4    810    14    1273    19    1174    27    1372
4    678    14    1157    19    1438    28    264
6    397    14    1132    20    1256    28    1107
6    496    14    1124    20    1174    28    1124
6    727    14    1107    20    1140    29    760
6    1008    14    893    20    1074    29    1107
7    1058    14    884    20    810    29    1273
8    876    14    876    20    711    29    1620
8    975    14    860    21    1223    30    760
9    975    14    760    21    1140    32    1355
9    810    15    1223    21    992    33    1074


auto.stats.vector<-c(4099,22,3,2,2.5,27.5,11,2930,186,40,121,3.58,
4749,17,3,1,3,25.5,11,3350,173,40,258,2.53,
3799,22,NA,NA,3,18.5,12,2640,168,35,121,3.08,
9690,17,5,2,3,27,15,2830,189,37,131,3.2,
6295,23,3,3,2.5,28,11,2070,174,36,97,3.7,
9735,25,4,4,2.5,26,12,2650,177,34,121,3.64,
4816,20,3,3,4.5,29,16,3250,196,40,196,2.93,
7827,15,4,4,4,31.5,20,4080,222,43,350,2.41,
5788,18,3,4,4,30.5,21,3670,218,43,231,2.73,
4453,26,NA,NA,3,24,10,2230,170,34,111,2.87,
5189,20,3,3,2,28.5,16,3280,200,42,196,2.93,
10372,16,3,4,3.5,30,17,3880,207,43,231,2.93,
4082,19,3,3,3.5,27,13,3400,200,42,231,3.08,
11385,14,3,3,4,31.5,20,4330,221,44,425,2.28,
14500,14,2,2,3.5,30,16,3900,204,43,350,2.19,
15906,21,3,3,3,30,13,4290,204,45,350,2.24,
3299,29,3,3,2.5,26,9,2110,163,34,98,2.93,
5705,16,4,4,4,29.5,20,3690,212,43,250,2.56,
4504,22,3,3,3.5,28.5,17,3180,193,41,200,2.73,
5104,22,2,3,2,28.5,16,3220,200,41,200,2.73,
3667,24,2,2,2,25,7,2750,179,40,151,2.73,
3955,19,3,3,3.5,27,13,3430,197,43,250,2.56,
6229,23,4,3,1.5,21,6,2370,170,35,119,3.89,
4589,35,5,5,2,23.5,8,2020,165,32,85,3.7,
5079,24,4,4,2.5,22,8,2280,170,34,119,3.54,
8129,21,4,4,2.5,27,8,2750,184,38,146,3.55,
3984,30,5,4,2,24,8,2120,163,35,98,3.54,
5010,18,2,2,4,29,17,3600,206,46,318,2.47,
5886,16,2,2,3.5,26,16,3870,216,48,318,2.71,
6342,17,2,2,4.5,28,21,3740,220,46,225,2.94,
4296,21,3,1,2.5,26.5,16,2130,161,36,105,3.37,
4389,28,4,NA,1.5,26,9,1800,147,33,98,3.15,
4187,21,3,3,2,23,10,2650,179,42,140,3.08,
5799,25,5,5,3,25.5,10,2240,172,36,107,3.05,
4499,28,4,4,2.5,23.5,5,1760,149,34,91,3.3,
11497,12,3,4,3.5,30.5,22,4840,233,51,400,2.47,
13594,12,3,4,2.5,28.5,18,4720,230,48,400,2.47,
13466,14,3,3,3.5,27,15,3830,201,41,302,2.47,
3995,30,4,4,3.5,25.5,11,1980,154,33,86,3.73,
3829,22,4,3,3,25.5,9,2580,169,39,140,2.73,
5379,14,4,3,3.5,29.5,16,4060,221,48,302,2.75,
6303,14,4,4,3,25,16,4130,217,45,302,2.75,
6165,15,3,2,3.5,30.5,23,3720,212,44,302,2.26,
4516,18,3,NA,3,27,15,3370,198,41,250,2.43,
3291,20,3,3,3.5,29,17,2830,195,43,140,3.08,
8814,21,4,4,4,31.5,20,4060,220,43,350,2.41,
4733,19,3,3,4.5,28,16,3300,198,42,231,2.93,
5172,19,3,4,2,28,16,3310,198,42,231,2.93,
5890,18,4,4,4,29,20,3690,218,42,231,2.73,
4181,19,3,3,4.5,27,14,3370,200,43,231,3.08,
4195,24,1,1,2,25.5,10,2720,180,40,151,2.73,
10371,16,3,3,3.5,30,17,4030,206,43,350,2.41,
12990,14,NA,NA,3.5,30.5,14,3420,192,38,163,3.58,
4647,28,3,3,2,21.5,11,2360,170,37,156,3.05,
4425,34,5,4,2.5,23,11,1800,157,37,86,2.97,
4482,25,3,NA,4,25,17,2200,165,36,105,3.37,
6486,26,NA,NA,1.5,22,8,2520,182,38,119,3.54,
4060,18,2,2,5,31,16,3330,201,44,225,3.23,
5798,18,4,4,4,29,20,3700,214,42,231,2.73,
4934,18,1,2,1.5,23.5,7,3470,198,42,231,3.08,
5222,19,3,3,2,28.5,16,3210,201,45,231,2.93,
4723,19,3,3,3.5,28,17,3200,199,40,231,2.93,
4424,19,NA,NA,3.5,27,13,3420,203,43,231,3.08,
4172,24,2,2,2,25,7,2690,179,41,151,2.73,
3895,26,3,3,3,23,10,1830,142,34,79,3.72,
3798,35,5,4,2.5,25.5,11,2050,164,36,97,3.81,
5899,18,5,5,2.5,22,14,2410,174,36,134,3.06,
3748,31,5,5,3,24.5,9,2200,165,35,97,3.21,
5719,18,5,5,2,23,11,2670,175,36,134,3.05,
4697,25,4,3,3,25.5,15,1930,155,35,89,3.78,
5397,41,5,4,3,25.5,15,2040,155,35,90,3.78,
6850,25,4,3,2,23.5,16,1990,156,36,97,3.78,
7140,23,4,3,2.5,37.5,12,2160,172,36,97,3.74,
11995,17,5,3,2.5,29.5,14,3170,193,37,163,2.98)


auto.stats<-matrix(auto.stats.vector, 
nrow = 74, ncol = 12, byrow=TRUE,
dimnames = list(c("Amc Concord",       "Amc Pacer",         
"Amc Spirit",         "Audi 5000",         
"Audi Fox",          "BMW 320i",          
"Buick Century",      "Buick Electra",     
"Buick Le Sabre",     "Buick Opel",        
"Buick Regal",        "Buick Riviera",     
"Buick Skylark",      "Cad. Deville",      
"Cad. Eldorado",      "Cad. Seville",      
"Chev Chevette",      "Chev Impala",       
"Chev Malibu",        "Chev Monte Carlo",  
"Chev Monza",         "Chev Nova",         
"Datsun 200-SX",      "Datsun 210",        
"Datsun 510",         "Datsun 810",        
"Dodge Colt",         "Dodge Diplomat",    
"Dodge Magnum XE",    "Dodge St. Regis",   
"Fiat Strada",        "Ford Fiesta",       
"Ford Mustang",       "Honda Accord",      
"Honda Civic",        "Linc. Continental", 
"Linc. Cont. Mark V", "Linc. Versailles",  
"Mazda Glc",          "Merc Bobcat",       
"Merc Cougar",        "Merc Cougar XR-7",  
"Merc Marquis",       "Merc Monarch",      
"Merc Zephyr",        "Olds 98",           
"Olds Cutlass",       "Olds Cutl. Supr.",  
"Olds Delta 88",      "Olds Omega",        
"Olds Starfire",      "Olds Toronado",     
"Peugot 604 Sl",      "Plym Arrow",        
"Plym Champ",         "Plym Horizon",      
"Plym Sapporo",       "Plym Volare",       
"Pont Catalina",      "Pont Firebird",     
"Pont Grand Prix",    "Pont Le Mans",      
"Pont Phoenix",       "Pont Sunbird",      
"Renault Le Car",     "Subaru",            
"Toyota Celica",      "Toyota Corolla",    
"Toyota Corona",      "Volk Rabbit",       
"Volk Rabbit(d)",     "Volk Scirocco",     
"Volks Dasher",       "Volvo 260"),
c("Price","Miles.per.gallon","Repair..1978.","Repair..1977.","Headroom","Rear.Seat","Trunk","Weight","Length","Turning.Circle","Displacement","Gear.Ratio")))


Specimens, hardness, and tensile strength
Specimen hardness   tensile strength abrasion loss
A   45   162     372
B   55   233     206
C   61   232     175
D   66   231     154
E   71   231     136
F   71   237     112
G   81   224     55
H   86   219     45
I   53   203     221
J   60   189     166
K   64   210     164
L   68   210     113
M   79   196     82
N   81   180     32
O   56   200     228
P   68   173     196
Q   75   188     128
R   83   161     97
S   88   119     64
T   59   161     249
U   71   151     219
V   80   165     186
W   82   151     155
X   89   128     114
Y   51   161     341
Z   59   146     340
1   65   148     283
2   74   144     267
3   81   134     215
4   86   127     148


A Chemical Process(tar content, temperature, and speed) Data
id  tar  temp  speed
1  60.0  54.5  2400
2  61.0  56.0  2450
3  65.0  58.5  2450
4  30.5  43.0  2500
5  63.5  58.0  2500
6  65.0  59.0  2500
7  44.0  62.5  2700
8  52.0  65.5  2700
9  54.5  68.0  2700
10  30.0  45.0  2750
11  26.0  45.5  2775
12  23.0  48.0  2800
13  54.0  63.0  2800
14  36.0  58.5  2900
15  53.5  64.5  2900
16  57.0  66.0  3000
17  33.5  57.0  3075
18  34.0  57.5  3100
19  44.0  64.0  3150
20  33.0  57.0  3200
21  39.0  64.0  3200
22  53.0  69.0  3200
23  38.5  68.0  3225
24  39.5  62.0  3250
25  36.0  64.5  3250
26  8.5  48.0  3250
27  30.0  60.0  3500
28  29.0  59.0  3500
29  26.5  58.0  3500
30  24.5  58.0  3600
31  26.5  61.0  3900 